crazyflies:
- channel: 80
  id: 1
  initialPosition: [1.80106, -4.95088, 0.0705619] 
  type: default
